1000344000
1000361001
1000361002
1000361003
1000361004
1000361005
1000361006
1000362000
1009025007
1010006000
1010007000
1010009000
1010046001
1010046002
1010047001
1010047002
1010143000
1010153000
1010466000
1010468000
1020007000
1020008000
1020009000
1020010000
1020011000
1020012000
1020019000
1020020000
1020040000
1020140000
1020141000
1020142000
1020143000
1020144000
1030013000
1030014002
1030023001
1030023002
1030023003
1030024000
1030178001
1030178002
1030178003
1030178004
1030178005
1039055001
1039055002
1039055003
1040004000
1040006000
1040007000
1040009000
1040020001
1040020002
1040020003
1040020004
1040021000
1040022000
1040023000
1040024000
1040098000
1040156000
1050014000
1050034001
1050034002
1050099000
1050106000
1050108000
1050144003
1050145000
1050299000
1050575002
1050577000
1059048000
1059050000
1059051000
1059052000
1059053001
1059053002
1059057000
1060005001
1060005002
1060015001
1060015002
1060015003
1060015004
1060030000
1060032000
1060034001
1060034002
1060035000
1060036001
1060036002
1060102000
1060103002
1060148001
1060167002
1060215000
1060273000
1060355000
1069141001
1069141002
1070002000
1070003000
1070004000
1070020000
1070026000
1070038000
1070039000
1070040000
1070041001
1070041002
1070041003
1070042000
1070043000
1070194000
1070276000
1070277005
1070280002
1070280003
1070381001
1070381002
1070468001
1070468002
1070468003
1070469001
1070469002
1070469003
1070469004
1070469005
1070469006
1070469007
1070470001
1070472003
1079050004
1079050005
1080011000
1080014000
1080015001
1080015002
1080016000
1080017000
1080018000
1080019000
1080055000
1080057000
1080058000
1080063000
1080065002
1080065003
1080065009
1080065010
1080065011
1080458001
1080458002
1090013001
1090013002
1090033000
1090034001
1090034002
1090035001
1090035002
1090036000
1090037000
1090038000
1090039000
1090040000
1090075001
1090075002
1090076001
1090076002
1090076003
1090076004
1090076005
1090077000
1090098000
1090099000
1090100000
1090158000
1090320000
1090321000
1090322000
1090325000
1099026000
1100043000
1100047000
1100048000
1100049000
1100050001
1100050002
1100051000
1100052000
1100122000
1100132000
1100137000
1100183000
1100185000
1100239001
1100239002
1100240000
1100241000
1100242000
1100243000
1110010000
1110011000
1110012000
1110054001
1110054002
1110135001
1110135002
1110135003
1110135004
1110136001
1110136002
1110136003
1110136004
1110136005
1110151000
1110152001
1110152002
1110169000
1120021000
1120025001
1120025002
1120025003
1120025004
1120045000
1120067000
1120075000
1120084000
1120085000
1120086000
1120087001
1120087002
1120088000
1120089000
1120090000
1120091000
1120092000
1120093000
1120103001
1120103002
1120103003
1120103004
1120169000
1120174000
1120175000
1120398000
1130005001
1130005002
1130018001
1130018002
1130019001
1130019002
1130020001
1130020002
1130021000
1130022001
1130022002
1130028000
1130086001
1130086002
1130086003
1130086004
1130086005
1130086006
1130086007
1130095000
1130096000
1130097001
1130097002
1130097003
1130098001
1130098002
1130098003
1130133000
1130134000
1130189000
1130190000
1130191000
1130192000
1130193000
1130194000
1130195000
1130198000
1140013001
1140013002
1140014001
1140014002
1140015000
1140061000
1140105000
1140137000
1140138001
1140138002
1140139000
1140140000
1140179001
1140179002
1140179003
1140180001
1140180002
1140180003
1140180004
1140180005
1140180006
1140180007
1140180008
1140180009
1140180010
1140180011
1140180012
1140181001
1140181002
1140189000
820091001
820091002
820091003
820091005
820091006
820091007
820091009
820091011
820091012
890507001
900240000
900241000
900242000
940149000
940150000
940151000
940174000
950127001
950127002
950127003
950127004
950127005
950127006
950127007
950127008
950127009
950127010
950127011
950127012
950127013
950127014
950127015
970143001
970148001
970148002
970154000
970395001
970395002
970395003
970545000
980128000
980137000
980138000
980153000
980154000
980177003
980413001
980413002
980465000
980729000
980745001
980745002
980745003
981401003
981401008
981766000
981767000
981998001
981998002
990002000
990003000
990059000
990060000
990125000
990251000
990252000
990738002
990738003
990816000
990817000
990818001
990818002
990818003
990818004
990908000
